0
20
21
1
22
2
3
0
4
5
23
1
6
7
24
4
25
6
8
26
2
2
2
27
1
9
10
6
9
7
9
1
11
10
12
13
1
28
11
11
1
29
30
14
0
12
10
31
12
2
10
32
2
3
33
34
11
35
1
15
1
2
36
12
8
37
38
3
39
7
10
40
41
9
16
5
2
42
43
12
8
8
2
3
44
2
8
45
8
1
2
3
2
46
12
12
0
12
2
14
3
12
47
12
5
5
48
49
2
12
50
51
52
1
17
12
8
2
53
54
8
55
17
1
4
5
2
12
56
12
6
1
18
12
3
18
7
11
57
58
59
9
60
1
17
2
11
61
12
3
14
6
62
8
5
9
1
6
63
15
64
11
65
66
3
67
3
9
5
1
3
7
68
7
8
3
7
69
3
7
11
8
12
70
71
72
1
73
74
6
9
75
9
7
1
16
0
5
76
12
6
1
77
78
12
79
80
9
1
81
1
8
3
82
83
6
12
5
2
2
84
5
85
6
86
1
87
6
11
1
12
2
5
12
88
16
89
6
2
90
0
12
17
91
1
1
92
93
1
3
11
5
3
11
2
4
6
9
8
94
95
12
9
2
11
1
12
12
17
1
0
14
96
1
8
97
1
7
7
15
6
15
11
5
98
6
6
99
5
1
19
100
9
8
3
101
102
2
3
103
104
105
8
8
106
4
107
6
7
1
2
108
1
109
110
9
6
8
111
112
113
3
8
114
11
1
115
11
1
6
2
2
16
116
1
3
1
6
14
12
13
0
6
117
118
6
2
2
1
119
3
1
9
1
3
9
120
1
12
121
3
1
122
10
1
2
123
2
1
1
9
5
16
14
19
11
15
1
14
2
3
11
6
6
10
2
6
11
124
6
12
12
125
7
126
14
3
2
9
7
11
127
5
1
10
6
12
12
1
17
15
3
128
14
5
129
2
1
130
131
9
11
2
132
16
15
9
9
9
14
5
133
134
135
136
137
138
5
2
139
2
140
6
19
18
2
3
11
2
12
0
141
142
11
12
2
5
3
5
143
144
1
145
10
2
4
146
12
1
147
2
6
148
11
9
2
8
8
12
12
149
12
150
151
152
9
1
14
153
11
154
1
6
155
9
15
156
157
2
3
0
158
159
1
160
161
14
162
163
164
17
6
5
2
165
17
14
2
12
2
10
166
167
11
168
2
7
1
4
169
170
14
15
1
14
171
172
8
173
7
7
174
8
1
175
176
2
1
1
2
2
18
9
12
12
3
177
178
8
6
3
12
179
180
181
1
1
12
6
1
2
2
182
183
184
5
185
3
2
5
186
14
6
187
3
9
188
1
6
189
190
191
1
0
192
1
12
19
14
4
10
8
193
14
6
6
9
1
15
14
194
195
12
1
16
0
3
9
196
11
197
1
9
11
198
3
10
9
199
200
201
2
1
202
10
1
11
4
1
0
15
1
3
14
203
15
9
204
1
12
12
11
11
9
10
12
205
2
12
7
2
206
207
6
8
208
1
14
6
11
2
7
14
209
3
12
210
6
6
14
14
11
1
15
5
3
211
6
11
212
9
5
12
213
3
3
8
214
2
215
216
11
6
217
11
4
218
219
17
15
7
6
220
5
0
18
0
2
5
1
221
6
222
223
224
6
9
11
225
226
18
3
13
14
12
18
19
1
17
11
1
2
12
16
227
228
11
6
12
13
1
229
5
230
1
231
5
14
1
1
232
233
6
2
234
18
1
235
12
236
237
238
1
239
240
14
5
2
11
6
5
16
3
1
1
5
1
1
14
1
6
11
241
1
16
6
1
15
14
12
242
9
9
3
3
10
243
12
244
245
246
11
247
12
1
6
6
7
11
2
248
249
1
5
6
2
250
16
6
10
251
9
252
15
1
0
253
6
254
9
255
1
256
1
12
257
1
6
5
258
259
12
12
3
0
11
260
1
9
9
2
2
16
3
2
14
261
12
1
9
1
3
6
262
6
8
6
10
263
264
7
17
12
19
1
265
12
3
1
14
1
1
1
266
267
3
4
6
3
19
16
1
268
13
1
0
269
2
3
270
11
12
17
0
5
1
3
19
6
6
3
2
271
3
12
6
1
1
8
272
10
1
6
13
1
1
9
9
273
10
12
18
15
15
274
11
12
275
7
3
3
1
12
1
276
11
277
278
14
11
4
12
2
13
1
16
279
2
280
5
12
281
8
8
2
9
3
282
6
283
1
284
8
285
1
286
15
11
3
14
1
5
15
12
287
288
289
290
10
17
13
6
2
291
292
11
14
2
17
1
1
14
14
293
1
3
294
14
9
295
6
12
5
12
2
9
6
296
297
1
19
9
1
3
8
12
0
298
7
299
1
300
3
18
9
1
2
301
9
302
303
12
304
8
9
2
6
10
305
1
11
2
2
1
1
0
306
9
10
2
11
307
3
11
308
309
2
2
310
311
2
312
3
18
10
1
6
11
4
313
1
2
6
5
6
2
9
314
5
315
19
11
316
15
3
1
12
14
5
1
1
5
317
5
318
12
12
6
8
16
12
319
15
1
320
8
321
2
1
322
4
8
3
323
324
13
5
2
11
6
325
4
6
11
5
326
11
327
12
328
8
14
329
2
2
3
330
6
11
1
12
16
19
331
332
4
9
18
333
1
334
335
336
337
5
338
14
339
0
9
11
3
6
3
19
8
9
340
18
16
3
341
9
12
11
1
12
15
1
8
12
3
6
1
6
1
342
6
11
3
343
16
344
9
6
345
11
2
8
346
15
3
4
2
9
6
2
9
347
0
9
5
348
349
350
13
6
1
351
10
5
2
2
1
3
12
352
12
12
18
6
3
5
353
13
9
354
1
9
3
2
3
1
3
8
3
355
12
1
356
10
11
1
357
358
2
11
12
359
11
360
8
14
11
361
5
11
5
362
2
363
1
364
14
3
9
365
7
366
367
11
7
1
4
2
13
14
368
4
8
16
12
5
5
2
369
14
9
3
11
370
8
1
15
371
372
373
2
374
19
0
375
9
1
3
376
17
1
18
9
377
1
378
379
1
380
8
9
381
382
383
6
384
385
10
7
386
19
9
387
388
10
8
2
6
11
2
2
6
5
9
11
14
5
12
6
389
6
6
390
391
18
12
6
1
2
1
12
392
3
393
9
8
12
15
8
1
11
5
8
394
395
3
10
12
396
2
14
2
397
2
14
398
16
1
11
4
399
13
400
17
14
6
18
1
16
5
1
3
1
1
12
5
401
2
402
2
3
403
3
14
15
2
2
404
4
11
405
12
6
406
9
15
10
11
10
11
2
1
1
11
12
1
2
15
12
16
2
407
2
408
8
10
1
409
11
2
9
18
1
3
10
410
1
14
5
1
1
411
412
9
1
413
10
3
5
414
415
416
417
0
418
6
419
420
3
2
1
3
12
421
422
423
4
15
1
424
1
4
425
12
1
426
427
18
428
18
429
11
1
5
12
3
8
2
12
3
1
7
1
2
430
5
3
431
6
1
432
7
5
8
1
6
14
433
1
434
435
14
1
16
436
437
16
2
438
16
12
439
440
8
441
15
442
443
1
7
14
7
12
4
1
12
3
444
7
3
8
12
12
16
13
2
445
446
447
3
448
5
12
7
3
449
6
12
2
1
15
3
1
4
5
3
450
3
451
452
453
454
455
8
6
6
1
1
9
1
456
457
18
458
1
7
17
14
13
1
3
6
459
1
12
7
5
11
1
6
460
5
1
12
6
12
18
5
1
461
1
12
8
462
5
17
463
9
464
465
2
9
6
11
466
6
12
5
467
3
11
8
4
468
8
469
5
470
471
472
11
473
2
1
16
9
17
2
12
474
12
9
15
475
1
1
476
2
477
478
479
2
17
480
481
6
0
482
1
12
483
3
14
14
6
2
12
1
1
2
5
484
7
2
4
3
2
5
485
486
487
488
489
4
490
1
8
491
492
6
5
2
5
1
493
494
5
495
12
496
10
12
497
498
16
10
499
3
500
1
6
16
8
501
17
502
19
8
0
503
2
12
1
4
3
13
19
2
504
11
2
17
15
505
5
506
507
6
1
508
509
1
510
511
14
512
513
12
2
514
1
1
10
515
1
1
3
9
1
516
1
5
13
517
518
12
1
18
13
9
519
12
12
15
2
6
1
1
12
2
520
11
1
521
6
14
6
3
12
5
1
7
2
1
11
8
12
11
9
522
523
11
524
525
1
526
18
8
2
12
527
1
11
528
17
2
9
529
9
9
18
530
531
2
5
532
5
11
1
533
15
4
534
18
12
535
9
5
7
536
12
3
5
4
537
3
538
11
7
2
12
1
11
3
0
3
12
8
4
16
2
2
9
539
540
541
15
542
12
12
8
1
1
4
543
15
544
545
8
2
3
5
9
546
15
11
0
547
2
0
9
548
12
7
6
6
3
549
1
2
5
550
551
12
2
9
552
11
11
553
9
1
2
554
9
4
10
5
3
4
11
555
1
3
2
556
2
9
1
1
8
557
5
13
558
16
2
9
1
5
1
5
0
559
560
12
561
1
12
562
563
11
1
12
8
564
565
1
12
9
2
1
566
567
1
568
5
1
2
569
5
11
5
1
5
1
9
570
13
4
571
4
572
573
2
9
574
7
13
2
6
575
9
6
2
16
9
576
577
578
579
9
1
580
12
3
6
3
3
581
12
582
11
1
583
3
8
8
584
585
11
0
586
3
2
12
2
5
0
1
587
1
11
5
17
12
12
5
588
4
4
11
13
0
589
7
13
590
7
591
1
12
592
1
593
11
12
1
5
594
595
8
596
8
9
11
3
7
597
11
3
9
1
9
2
598
3
1
1
2
12
9
12
599
1
8
5
6
1
19
15
15
600
4
5
601
602
6
5
1
6
7
1
1
3
2
7
12
603
2
1
3
9
2
1
604
2
4
2
605
606
13
607
608
15
3
1
2
1
15
10
1
14
0
6
13
1
1
8
609
610
8
1
611
612
11
2
12
613
16
16
614
12
16
10
12
18
16
615
616
5
1
1
6
1
617
2
2
3
618
2
3
619
3
1
1
11
11
1
620
12
621
622
623
624
625
17
5
1
626
11
1
1
627
1
1
628
14
629
14
1
17
630
631
3
8
12
632
14
17
6
8
15
7
12
633
18
19
634
15
635
6
2
13
6
18
9
11
15
636
18
15
637
3
638
639
1
1
1
15
640
641
9
18
642
2
7
12
12
12
7
643
644
11
645
9
12
18
646
7
1
5
1
15
3
6
1
6
4
11
6
1
12
647
12
8
648
649
1
650
11
16
16
17
7
651
6
3
3
652
653
1
5
1
654
1
2
655
6
7
4
1
656
0
6
1
3
7
15
657
11
1
14
18
1
8
658
659
11
10
6
9
660
16
661
2
12
662
2
9
663
17
2
664
1
1
12
13
6
12
665
9
10
10
3
13
12
1
14
666
11
2
6
5
9
6
5
1
1
15
6
15
667
9
14
11
6
2
668
669
13
6
2
9
3
3
12
12
12
17
8
1
670
1
11
671
6
1
12
672
17
673
10
6
674
675
16
676
677
5
11
678
679
12
680
12
681
682
683
5
3
684
9
13
3
11
11
14
1
685
14
2
686
2
8
687
688
6
5
10
14
16
2
2
11
18
689
1
690
5
691
5
692
2
693
694
695
696
697
7
2
1
11
7
14
5
8
1
698
699
7
11
1
0
12
10
700
1
701
702
2
703
704
705
11
13
14
16
1
7
706
8
9
707
6
708
2
1
1
13
3
6
10
1
1
12
3
9
2
5
12
3
12
1
5
9
709
710
12
6
3
8
711
5
17
6
712
11
11
10
3
12
1
713
12
8
12
17
2
2
714
9
13
715
6
716
9
1
2
11
1
717
718
719
720
12
721
722
2
12
2
723
1
6
2
12
724
725
2
6
1
5
12
17
2
726
12
12
727
3
1
10
10
728
17
12
0
5
2
729
6
1
8
10
730
15
12
3
7
731
2
2
2
18
2
732
733
3
734
2
16
1
1
735
15
14
10
1
1
736
1
13
1
2
3
7
1
2
737
11
15
11
738
13
4
739
9
1
740
3
1
3
11
3
4
3
741
5
9
742
7
3
743
744
745
12
2
16
746
2
747
5
12
7
1
6
3
748
749
750
13
12
11
6
751
3
8
16
7
3
0
1
5
6
752
1
14
3
9
753
754
8
2
11
11
17
755
5
756
14
757
1
758
15
1
0
1
4
8
14
11
1
8
9
759
760
3
1
761
1
16
10
12
762
2
763
2
2
5
764
1
1
3
765
9
6
766
2
12
17
767
16
1
1
12
14
11
11
2
0
0
768
769
6
770
14
771
10
19
14
772
3
1
773
7
1
1
774
775
12
9
3
5
2
10
5
9
9
15
18
1
12
9
11
6
776
10
777
5
778
12
1
6
1
11
779
6
780
781
17
6
4
8
782
783
784
785
786
787
1
2
788
8
10
6
8
789
6
1
790
9
791
792
793
17
8
3
0
5
2
18
12
794
3
2
14
795
796
4
7
11
797
798
12
0
5
12
6
799
11
800
2
801
802
12
12
5
803
2
804
5
9
12
1
6
10
0
4
5
1
2
5
805
806
3
14
807
2
808
2
809
6
810
811
12
9
5
1
812
8
2
813
814
5
19
0
1
0
815
1
5
816
2
3
1
817
818
6
5
819
820
5
3
821
5
0
12
11
6
822
6
1
823
12
12
6
0
14
824
825
11
5
2
6
12
826
7
1
827
2
2
5
828
829
10
830
8
6
3
11
10
6
10
831
3
12
13
832
5
2
5
2
6
16
1
11
13
14
833
834
18
1
19
1
835
13
836
2
3
9
18
11
6
12
8
837
1
4
3
1
11
3
17
6
5
3
12
838
839
16
8
840
841
9
842
12
17
12
3
9
843
1
9
6
0
6
1
11
10
5
844
5
16
845
846
2
10
847
848
849
1
12
5
850
5
851
5
1
1
15
1
12
11
1
4
9
852
853
854
12
1
855
856
857
7
15
8
3
6
5
858
3
859
1
14
9
15
12
18
3
16
11
3
1
2
860
11
9
14
861
1
862
863
15
7
1
19
3
1
2
2
864
865
18
866
11
2
7
867
3
18
2
1
8
6
868
1
1
3
869
15
870
871
6
872
873
1
874
12
11
1
3
5
875
876
9
877
11
14
9
878
879
1
880
11
3
6
11
9
881
6
1
5
12
1
882
883
2
0
11
1
884
885
6
886
12
3
887
10
2
2
0
888
12
11
14
3
889
6
8
11
9
6
1
2
10
3
6
13
12
14
4
15
14
5
890
12
1
12
2
6
14
2
10
1
17
6
891
7
3
6
12
16
12
5
892
6
16
2
3
16
19
2
1
893
2
3
5
7
894
9
9
2
9
0
895
896
1
897
2
2
11
12
11
1
898
1
899
0
1
16
7
6
900
17
901
5
2
10
14
6
8
902
7
903
5
9
9
7
12
1
12
2
904
1
11
16
1
905
4
3
906
5
907
908
909
8
1
11
14
1
15
910
911
912
2
913
8
12
10
9
2
11
914
2
1
915
916
8
4
917
1
6
6
6
918
919
920
921
16
922
923
6
16
924
10
925
19
16
926
6
1
12
8
5
14
927
1
928
2
929
6
930
14
15
12
931
2
9
0
16
3
14
932
2
16
1
9
11
933
2
1
934
4
6
2
14
17
5
11
935
6
936
10
0
7
17
1
15
3
12
3
937
2
938
1
9
2
12
7
939
12
940
941
942
3
943
1
3
1
11
11
11
1
13
8
2
10
5
5
944
3
8
16
13
945
946
12
2
1
947
2
6
2
948
8
949
8
19
6
6
950
951
7
12
12
1
952
14
14
15
953
954
2
955
14
11
1
956
1
957
1
958
12
12
959
6
6
14
10
960
961
962
963
964
19
17
6
12
14
12
5
9
5
14
965
966
1
2
6
6
17
1
4
967
13
1
9
6
7
3
968
17
969
970
971
1
1
14
5
972
12
2
17
5
973
4
974
975
11
3
976
977
3
12
12
2
978
11
979
6
3
14
4
2
11
6
2
2
5
14
9
9
1
16
1
2
1
980
16
6
1
1
14
2
981
982
2
1
12
983
3
9
15
5
13
984
1
11
9
12
2
2
9
2
985
1
13
12
986
987
988
17
15
989
12
2
16
990
3
2
991
1
6
6
992
11
19
6
2
1
1
15
11
993
2
994
5
10
995
11
996
2
12
2
2
8
997
998
1
18
12
999
1000
5
11
2
1001
14
1
13
1002
15
2
1003
12
2
1
10
1
2
3
1004
17
2
9
1005
18
2
18
12
1006
12
1007
5
1008
6
12
1009
7
8
1
16
1010
2
18
6
9
10
2
6
2
1011
11
1012
1013
1014
6
14
1
8
12
18
12
1015
6
15
0
6
1016
5
1017
1018
1
0
18
19
7
1
1
18
6
3
1019
2
3
6
14
14
1020
2
7
6
12
6
1021
17
10
16
13
9
1022
1023
10
12
1
5
1024
1025
9
1026
8
12
17
1027
18
13
0
6
2
1
6
1
7
1028
1
6
15
15
6
5
1
3
1029
1
1
2
12
1
8
3
1
1030
1
1031
13
1
17
1032
8
13
15
10
7
1
1
3
18
1
6
1033
4
1034
1
8
1
1035
1
11
3
1
8
2
1036
1037
1038
1039
2
6
6
1040
12
8
16
1041
9
6
9
12
4
1
2
12
11
1
1
5
1042
5
1043
1044
1045
1046
2
1047
17
1
1048
2
12
1049
1050
1051
1052
6
1
1053
4
9
9
18
18
10
14
12
1
1054
1
8
6
0
1
3
16
6
1055
1056
1057
8
9
5
1
3
6
8
1
2
5
8
2
6
3
12
15
14
1058
6
1059
1060
6
1061
1062
1063
2
6
2
5
1064
12
12
14
12
1
6
4
2
3
15
5
12
1065
1066
3
6
1
2
12
2
3
1067
1068
10
1069
2
12
7
1070
1071
6
1
1
1072
1073
1074
1
2
15
8
17
1
6
6
6
5
15
1075
1076
1
2
1077
16
12
8
6
6
1078
6
11
9
1
2
1079
18
9
10
9
10
14
12
1
5
18
1080
6
11
6
1081
1
1
1082
10
1083
1
8
6
11
1
8
9
8
1084
1085
12
2
5
8
2
5
6
1086
1087
4
9
3
12
12
11
2
1088
1
0
14
6
1089
1
14
11
13
1090
12
15
15
13
1091
1092
9
3
1
4
3
9
1093
1
1
9
17
1
1094
11
12
6
1095
1
9
11
3
11
9
6
13
1096
15
12
7
5
14
1097
12
1098
2
12
12
12
1099
16
12
12
1
3
3
6
1
1
3
1100
1101
1102
1103
12
13
6
14
3
1
15
1104
12
1
3
5
2
6
2
0
12
12
8
1105
11
2
2
5
4
2
1106
2
6
1
1
1107
1108
7
6
12
10
1
1109
1
1
1
1110
1111
2
6
12
1112
1113
5
2
9
5
1
1114
0
2
19
11
1115
1116
7
1117
2
1
1118
4
1119
6
2
9
1
1
5
3
18
16
14
1120
1121
2
9
1
8
1
1122
1123
12
1124
15
5
5
9
1125
3
2
1126
11
9
12
10
9
1127
12
3
7
11
3
18
14
12
1
1
15
13
1128
1129
7
1130
9
1
14
1131
1132
6
11
1
2
1
1133
1134
1
9
10
1
1
12
12
3
1135
14
1136
1
3
6
2
12
5
6
8
1
1137
5
2
6
3
1
1
18
6
11
3
1
12
5
1138
1139
15
11
2
14
1140
1141
4
11
1142
3
1143
1
5
6
3
12
1
1
10
1144
12
1
7
9
10
2
14
1145
1146
1147
5
1148
6
1149
1150
2
1151
13
2
17
12
1152
2
2
5
10
11
5
10
1153
13
6
5
1154
5
9
1155
1
16
1156
1
0
3
1157
1158
1
1159
5
6
12
12
1160
1161
1
1162
1
9
12
1163
1164
12
4
14
1165
5
1166
1167
1
1168
1169
8
8
3
1
1
1
15
2
4
0
1170
2
17
16
2
6
12
1171
11
12
11
10
12
1172
0
8
16
5
1173
1
1174
1175
2
1176
7
3
14
1177
5
1178
5
11
11
12
2
1
7
1
9
1179
5
1
0
4
1
14
11
2
3
1
2
5
1180
3
1181
1182
1183
1184
15
1185
4
3
5
11
2
2
1
9
5
1186
4
1187
6
1188
1
1
10
5
14
1
1
1189
12
17
1
9
16
3
1190
4
1191
2
1
11
9
14
1192
3
8
5
2
8
4
5
1193
6
18
6
2
12
13
5
13
5
1194
19
5
1
2
1
6
1195
9
9
15
5
1196
1197
1198
1199
1
4
1200
5
2
1201
16
1202
2
14
2
3
2
1203
1204
1
1205
6
1206
8
15
8
17
9
1
17
10
1207
5
10
1208
1209
1210
1
6
5
1211
8
9
11
6
2
1212
1
9
19
9
9
15
2
11
5
16
5
8
13
2
1
2
1213
6
1214
3
1
8
1
13
12
9
2
1215
12
1216
14
1
4
1217
1218
4
3
9
5
3
1
1219
2
8
1220
15
19
8
4
6
1221
1222
1
14
2
16
2
3
1
5
1223
1
9
1224
1225
1226
7
9
1
12
2
2
1227
2
1228
9
1229
5
6
11
11
1230
1231
5
16
11
1
1
1232
3
9
1
1233
1
5
1234
9
1235
9
3
2
6
1236
1
9
12
1
1
12
1237
6
14
1238
17
1
1
1239
1240
2
9
8
1
13
3
3
18
1241
12
5
1242
5
11
1
2
1
13
1243
14
1244
1
1245
11
1
14
1246
1247
1248
12
1
1249
19
1250
4
1
1251
2
12
14
16
4
5
2
5
12
18
7
2
1252
17
1253
3
1
5
14
2
1
1
1254
1255
9
0
6
3
1256
1
2
6
15
2
3
1257
0
1258
1259
1
2
1260
7
1261
1262
1
2
1
17
1263
1264
9
1265
8
10
0
6
19
13
8
12
1266
2
7
2
1267
1
1
19
4
12
13
0
1268
7
3
1
1269
0
3
13
4
7
13
6
1270
2
1271
16
4
1
11
1272
6
9
2
1
12
1273
6
1
1
13
6
1274
9
8
1275
12
1
13
11
7
1276
5
6
1
10
1277
1278
1279
3
1
1280
1281
12
1282
2
2
1283
3
2
1284
11
1285
11
10
12
1286
3
1
1
3
1287
1288
11
9
0
12
1289
11
12
1
1290
14
1291
16
2
1292
11
5
1293
2
13
1294
11
1295
6
1296
1297
1298
17
1299
1
2
1
6
2
3
1300
15
1
9
14
2
7
3
1301
11
12
1
3
2
12
1302
8
15
11
1303
6
9
1
1304
19
11
1
12
1305
4
1
10
1306
8
1
1307
11
12
10
11
9
1
1308
1309
8
6
12
1310
5
17
6
3
3
3
2
8
8
1
1
16
19
14
1311
2
0
11
9
1312
4
11
15
1313
11
1314
14
1315
0
1316
6
1
10
1317
1
15
16
1
11
1
6
1318
1319
15
1320
1
1321
1
4
9
1322
1323
5
17
12
14
5
6
3
5
1
1324
12
9
1325
9
6
1326
1
1327
2
5
1328
7
1329
1
1
9
1330
1
10
1331
1332
1333
6
2
1334
12
1
1335
17
1336
12
4
2
19
2
6
12
2
2
2
1337
8
1338
6
1339
1340
14
11
2
1
8
6
1341
2
11
1342
0
1
5
11
6
14
1343
8
0
1344
12
1345
1346
1347
2
6
1348
1349
9
14
3
2
5
11
2
12
1350
1351
17
15
3
12
1352
1353
1354
5
1
1355
5
4
3
6
1356
12
18
1
12
11
11
6
1357
2
6
6
5
5
12
14
1358
18
1359
1360
1
5
8
1361
1
15
1362
8
16
6
0
13
1363
1364
1365
11
2
1366
2
1
1
2
1367
1368
1369
6
1370
6
1371
1372
2
2
2
5
11
3
2
3
8
1373
3
10
1374
14
10
12
1375
5
9
1376
1
1377
18
1378
2
1379
11
1380
8
16
2
4
6
10
0
1
3
1381
14
6
8
1382
1
1383
6
1
1
1384
17
8
7
1
6
1
1385
2
13
1
6
12
8
1386
14
1387
11
6
12
1
2
1388
1389
13
11
11
1
1390
2
1391
5
1392
1393
5
2
2
1394
17
2
1395
18
9
6
2
13
1396
8
2
1
1397
1398
16
6
3
1399
1
7
0
1400
1
1401
6
10
9
18
1402
9
2
7
12
3
6
9
9
6
1403
1
2
1
1404
2
2
16
6
11
1405
1406
3
2
1
5
1407
1
5
1408
15
1
2
12
1
6
3
8
5
1
1409
17
1410
1
1
1
1
1411
12
4
1412
2
1413
1
1414
3
3
1415
1416
1417
11
9
1
1418
5
17
1419
6
1
1
1420
1421
1422
0
14
2
11
1423
1424
4
1
19
1425
6
5
11
1426
19
4
2
4
6
1
1427
3
1428
3
5
1
1429
4
1
4
1430
1431
1432
1433
1
1434
5
1
11
10
7
1435
15
6
1436
8
2
7
6
6
1437
1438
5
12
6
1439
9
1440
6
7
6
3
6
1441
2
17
1442
1443
1
5
6
2
1444
1
1445
9
8
1
1446
1
1447
12
1448
1449
6
19
1
1450
9
14
1451
1452
8
5
1453
16
8
2
1454
12
12
1455
9
1
1
8
0
11
12
4
2
11
18
5
1456
1
9
6
11
18
3
1
1457
9
1458
7
1
1459
1
12
1460
18
2
12
3
17
12
3
5
1461
1462
1463
1464
15
2
6
1465
7
1466
1
1467
6
16
5
1468
9
1469
1470
8
9
6
1471
11
1
1
10
1472
6
16
9
1
6
4
1473
5
1474
3
10
11
1475
1476
1477
11
3
9
9
13
1478
17
1479
6
8
7
14
1480
15
2
1481
17
11
1
8
1482
1483
3
4
12
1484
3
1485
2
11
5
1486
9
1
13
14
12
1487
1
12
14
12
6
9
4
5
3
3
1488
1489
1
1490
5
3
9
1491
12
14
12
19
9
2
6
2
15
1492
2
1493
6
1494
1495
12
1
9
1496
3
6
1
1
6
1
11
1
3
14
9
6
9
12
1497
1498
12
16
6
1499
1500
2
1501
1
8
12
1502
2
3
1503
18
14
15
3
2
1504
4
10
14
3
1505
1506
12
1507
1508
1509
1
10
3
2
1510
3
4
1511
9
5
14
1512
3
1513
1514
5
1515
1516
1
1517
1518
3
9
1519
1
1
1
1
8
2
3
8
5
1520
6
1521
2
18
1
1522
1523
8
12
12
1524
0
1
1525
2
1
8
2
3
1526
15
1527
0
1
14
1
2
3
11
12
1
12
18
8
2
10
12
19
1528
6
1529
1530
8
6
12
5
1531
1532
12
12
9
16
2
2
6
1
1
12
1
6
9
2
14
1533
2
1534
1535
1536
5
1537
1538
1539
6
2
2
1
6
6
3
8
1540
10
6
1
6
9
17
14
10
3
15
2
1541
1
1
1
2
1542
1543
1
11
11
10
8
1544
1
1545
1
16
1
1
10
1
3
2
10
3
1546
1547
1548
2
1549
2
5
6
5
12
14
3
15
1550
1551
1552
1553
1554
10
1555
1556
7
2
11
1557
1558
2
5
1559
1560
8
18
1561
1562
1
14
6
11
1563
11
1564
9
1
2
17
1565
4
1566
13
11
9
1
18
11
1567
8
15
1
6
6
12
5
8
8
6
9
2
6
1568
12
1569
3
8
14
1
12
1570
9
1
1571
8
11
8
1572
1
1
1
1
1573
1574
8
7
1575
0
0
7
14
2
4
8
6
1576
1
15
11
18
1577
12
5
2
1578
2
1
2
5
14
3
7
1579
12
6
1580
11
2
1581
12
1
1582
3
2
1
1583
1584
8
12
4
12
1
1585
12
1586
11
2
2
5
1587
12
2
8
6
1588
15
10
2
0
7
1
1589
1590
6
12
2
3
3
11
1591
11
13
1592
1593
1594
14
4
11
1
1
1595
2
12
5
12
14
9
6
1
1596
18
12
1597
12
6
3
1598
5
1599
3
1600
6
1
1
2
1601
18
1602
3
1603
1604
6
1605
12
1
7
1606
1
14
4
1607
3
2
1608
1
4
2
7
5
11
4
1609
3
12
12
1610
1611
1
11
6
1612
12
1613
16
3
16
5
3
0
1614
3
1615
2
9
19
1616
1617
9
3
3
6
3
2
11
1618
1
1619
1
1620
1621
0
1622
1623
6
1624
1625
1
6
12
1
2
1626
8
12
7
1627
1628
1629
15
6
5
1
11
2
17
1630
8
12
5
18
6
1631
7
16
6
1
4
1632
8
1633
3
10
6
12
11
6
7
2
1634
15
14
12
1
1635
8
9
1636
11
1637
1
1638
6
1639
3
1640
3
7
3
1
9
1641
1642
15
10
1643
1
9
11
12
1644
12
14
1645
1
2
1
1646
9
1647
12
3
1
1648
6
1649
1650
1
1651
11
14
11
1652
1
1
2
11
1653
4
1
14
2
10
1
1654
12
7
1655
1
1656
1
1
16
1657
1658
1659
1660
1
4
17
7
16
1
11
10
12
3
1661
9
6
1662
2
2
1663
1664
15
1665
3
4
19
17
2
4
14
17
8
1666
14
2
12
3
5
11
1667
8
9
1668
1669
12
1670
1
3
6
7
1
17
1671
2
1672
1673
8
1
8
16
11
1674
1675
1676
5
15
6
8
5
19
7
9
9
1
1677
14
17
12
1
1678
14
1679
2
5
2
1680
9
13
15
2
5
15
9
12
3
1
1
12
1681
1682
1683
1684
1685
9
4
1
8
1686
1687
9
10
6
1688
0
16
12
6
5
14
1689
1690
14
1691
1
1692
12
6
8
9
3
6
1
1
16
1
8
8
1693
12
2
11
6
1
1
3
1
1694
12
9
6
3
19
8
1695
3
11
7
14
1696
1697
15
0
1
12
3
1698
9
11
9
1699
0
11
2
5
1700
1701
12
11
1
1702
9
7
2
13
1
11
10
1703
1
2
5
11
2
9
1
3
12
3
11
1
12
1704
0
1705
9
2
7
6
1706
12
1707
11
17
3
1708
11
8
12
1709
1
2
3
1710
1
1
1
10
1
12
6
0
3
2
6
1711
7
2
15
1712
16
1
2
1
1713
1
11
1714
3
1715
14
12
9
1716
6
1717
14
9
14
12
10
8
6
2
1718
4
1719
5
15
1720
6
3
3
5
1
3
1
1721
1
14
1722
7
3
1723
1
2
11
1724
1725
1726
5
1727
6
12
1728
1729
6
1730
3
11
2
5
9
1
6
4
5
12
1731
1732
2
1733
12
6
9
12
1734
1
10
12
2
1735
1736
2
1
1737
1738
4
6
1
7
3
3
11
19
6
1739
1740
2
3
6
1741
19
1742
0
1743
1
1
9
8
5
1
10
10
13
12
10
9
6
6
12
1
1744
1745
1746
12
8
12
1
1747
6
12
5
8
1
1748
12
1749
8
11
1750
1
3
1
16
16
1751
1752
6
1753
6
7
1
2
11
3
1754
1755
2
1756
1
19
6
1757
2
1758
1759
4
6
4
5
17
1760
12
1
1
0
9
9
1761
1762
11
14
12
2
3
1763
1764
5
3
3
9
1765
17
1766
1767
16
1768
2
1
11
12
1769
1
14
8
3
6
1
1770
5
12
1771
5
5
16
8
3
1772
3
6
6
2
1
12
1
5
0
2
12
3
12
1
14
1
1773
1774
10
5
16
1775
3
1776
15
1777
4
1
2
2
2
2
9
2
1
1
9
10
11
1
0
16
4
14
2
1778
6
1779
12
2
14
1
2
2
6
3
1780
9
1781
6
9
1782
3
1
1783
9
0
1784
14
16
12
17
9
6
1
1785
5
9
1786
13
3
1787
15
1788
6
3
1
12
2
17
9
1789
14
2
9
1790
1791
2
1792
16
8
1
1793
14
1794
5
6
12
1795
2
1796
1797
1798
9
9
1799
5
2
1
1800
16
1
9
6
11
1801
4
1
7
1
0
1802
4
1803
1804
5
12
1805
5
1806
5
1807
9
14
17
1
1
17
1808
1
1809
1810
12
14
1811
1
6
2
1812
9
1
0
1813
5
6
1814
1815
5
1816
8
3
9
1817
9
1818
1819
1820
12
6
1821
18
1822
6
1
11
18
1823
1
1
14
1824
2
0
12
2
3
6
12
6
1825
1
9
6
10
8
1
6
1826
6
1
4
5
9
1827
2
9
11
3
8
1828
1
2
1829
1830
6
1831
1
10
5
1832
10
1
2
14
1833
14
16
0
4
9
1
1
1
1
2
12
1834
14
7
15
5
3
1835
6
1
1
1
3
1836
1837
1
12
5
3
1
1838
3
6
13
5
6
6
16
10
1
12
4
1839
4
11
12
9
1
19
1840
6
6
0
2
15
5
2
2
1841
1
15
17
1
6
1842
1
6
1
1843
11
12
1
9
2
1844
1
18
1845
1
6
2
6
1
1846
2
11
1847
1848
13
12
6
14
5
12
8
1849
1
11
11
1850
1851
1
18
1
2
12
4
4
3
14
11
1
1852
10
1853
2
2
1854
1855
6
1
11
17
14
13
0
3
1
3
9
2
16
9
3
1856
1857
1858
1859
1860
1
6
11
9
1
1
1
3
2
1861
1862
11
4
12
7
1863
1864
5
6
1865
1866
2
0
16
1
13
9
11
1867
1868
15
1869
5
9
1
6
1870
12
1871
1872
1
1873
1
5
1874
1875
10
6
1876
0
1877
3
1
1
6
1
9
3
10
1878
2
1879
1880
6
1881
1
1882
1883
1884
18
12
12
1885
2
3
1886
14
2
3
2
1887
11
2
1888
12
11
12
1889
1
2
12
6
10
1890
17
4
1891
1892
4
12
1893
9
12
12
1894
2
13
6
12
9
1
2
6
1895
5
6
5
17
1
15
1896
4
1
1897
5
4
1898
1899
1900
2
14
1
3
1901
1902
1
3
1903
15
1904
1905
1906
1907
11
1
1908
12
5
1909
14
9
2
6
1910
12
3
2
1911
2
14
1
3
9
2
15
2
15
11
1912
1913
14
4
7
1
1
1914
4
1915
1916
12
1917
5
8
1
1918
2
6
1
13
11
6
1919
12
11
14
15
17
1920
2
1921
1
6
2
1
3
1922
1
1
2
1
17
17
9
1923
1924
1925
12
1926
17
1
12
0
4
15
1927
2
4
5
1
1928
1929
1930
1
1
1
1931
2
6
1932
1933
11
2
6
1934
1
3
0
6
1935
12
2
1
1936
17
2
1937
3
1938
6
5
2
19
9
6
6
0
1939
4
8
14
3
11
2
1
15
7
8
1940
5
10
4
8
3
11
4
1
1
4
12
5
1
1941
1
19
1942
3
1943
3
7
9
1944
1
12
1945
1946
1947
11
4
2
1948
2
1
1
3
1949
3
11
1950
1951
9
10
6
14
1
12
15
6
19
1952
1953
1954
3
2
7
8
1955
11
1956
19
12
3
1957
1
1958
12
8
6
9
1959
11
1960
1961
1962
1963
1964
1965
2
2
12
6
1966
1967
16
1968
14
19
1969
2
12
2
1970
1
19
1
1
1971
2
14
14
8
1
1972
1
6
0
9
3
19
1
2
6
16
1
2
1973
10
6
14
12
12
3
14
10
12
1974
3
2
12
1
1
3
13
1975
1976
3
1977
1978
3
7
2
1979
1
2
2
2
1980
17
3
2
6
16
12
9
1
9
1
12
12
11
1981
9
15
9
1982
6
1983
1984
1
10
11
1985
1
18
2
1986
1
1
1987
3
2
1
18
6
5
1
3
1988
1989
1990
1991
3
5
17
5
1
2
1992
1
1
1993
1
11
6
12
11
1994
1995
1
17
7
1
2
3
1
3
11
2
9
6
1
5
7
7
6
5
6
15
1
5
8
1996
2
8
7
1997
1998
1
2
12
5
8
4
1
15
2
17
8
7
1999
1
9
12
7
13
2
14
14
6
9
2
14
6
12
1
